USA : 0.171952859315
SYR : 0.0459638330036
RUS : 0.0299858953497
SAU : 0.0299815581281
GBR : 0.0237742037739
YEM : 0.0215313257687
ISR : 0.0199598874805
IRQ : 0.0196716358001
IRN : 0.0192530174418
FRA : 0.0182216034434
