USA : 0.13166654306
SYR : 0.0506972108717
RUS : 0.0338284762863
FRA : 0.0320152261339
IRQ : 0.0291967370253
UKR : 0.0220959303204
GBR : 0.0202087677825
AFG : 0.0197277339134
PRK : 0.0176766006829
MAR : 0.0165665284717
